b =

  324.6056
    0.0040
    0.5728
    0.0003
   -0.6013
   -0.0008


bint =

  256.5902  392.6209
   -0.0093    0.0174
   -0.3948    1.5404
    0.0002    0.0003
   -0.7199   -0.4828
   -0.0015   -0.0001


r =

   -2.4064
    2.0379
    1.8488
    0.0062
    2.5803
   -0.6691
   -1.2518
    0.6820
   -1.8876
   -1.7006
    2.3030
   -0.2569
   -3.3509
    0.2431
    1.3227
    2.5988
    0.2115
   -2.1392
   -5.0933
   -0.6109
   -1.5718
    4.1038
    0.3360
    5.3448
    2.0402
   -1.5470
   -2.5594
    0.6754
    1.0467
    1.8247
   -2.0408
   -3.6597
   -1.8420
   -0.6278
    0.0631
    1.9305
    3.8645
   -0.7048
   -1.2952
   -1.9640
    1.8260
    1.4726
    1.4557
   -2.0645
   -3.8382
   -0.9153
    0.6442
    0.9603
    1.6230
    2.0022
   -1.7220
   -0.2855
   -1.1606
   -0.5054
    4.2264
    2.6247
   -0.7303
   -2.8288
   -2.5506
    2.7341
    0.7454
    0.7433
    1.9278
   -2.5312
   -1.7379


rint =

   -6.3216    1.5087
   -2.0822    6.1579
   -2.3806    6.0781
   -4.3010    4.3135
   -1.6942    6.8548
   -5.0003    3.6622
   -5.5760    3.0724
   -3.6505    5.0145
   -6.1887    2.4135
   -5.9846    2.5833
   -1.9060    6.5119
   -4.3966    3.8829
   -7.2701    0.5683
   -3.9736    4.4599
   -3.0152    5.6605
   -1.7627    6.9603
   -4.2239    4.6469
   -6.5400    2.2616
   -9.3180   -0.8687
   -5.0378    3.8160
   -5.9860    2.8423
   -0.2022    8.4098
   -4.1001    4.7721
    1.1630    9.5266
   -2.2666    6.3470
   -5.7793    2.6853
   -6.7504    1.6317
   -3.6849    5.0356
   -3.3595    5.4530
   -2.5762    6.2255
   -6.4294    2.3477
   -7.9660    0.6466
   -6.2247    2.5406
   -5.0390    3.7835
   -4.3608    4.4870
   -2.4688    6.3298
   -0.4291    8.1582
   -5.0538    3.6441
   -5.5562    2.9658
   -6.1495    2.2216
   -2.4992    6.1513
   -2.9251    5.8702
   -2.9635    5.8750
   -6.4678    2.3387
   -8.1536    0.4772
   -5.3386    3.5080
   -3.7860    5.0744
   -3.4715    5.3921
   -2.7934    6.0393
   -2.3778    6.3822
   -6.0384    2.5945
   -4.5367    3.9656
   -5.1148    2.7935
   -4.6580    3.6472
    0.1166    8.3361
   -1.6269    6.8764
   -5.0540    3.5934
   -7.0994    1.4418
   -6.8352    1.7340
   -1.5421    7.0103
   -3.5798    5.0706
   -3.5595    5.0461
   -2.2942    6.1497
   -6.6177    1.5553
   -5.7288    2.2529


stats =

    0.8662   76.3922    0.0000    5.0623


>> 