b =

  385.5961
    0.0183
   -1.2870
    0.0003
   -0.6840
    0.0004


bint =

  308.7328  462.4594
    0.0032    0.0334
   -2.3806   -0.1935
    0.0003    0.0004
   -0.8180   -0.5500
   -0.0004    0.0012


r =

    0.7512
   -1.3127
    3.2396
    3.0080
    3.4226
    0.0933
    0.0001
   -4.9369
    3.0622
   -0.8926
    2.6188
   -2.1437
   -4.8875
   -1.8113
   -0.6375
    0.0125
   -1.6713
   -1.8890
   -3.4306
   -0.6261
    1.0046
   -2.5086
    1.4444
    5.9935
    1.3088
   -1.4265
   -0.6181
    0.7234
    1.0712
   -2.4450
   -0.0750
   -2.6388
   -0.8465
   -3.5481
   -0.1436
    3.9371
    5.4240
    1.1469
   -1.4099
   -1.1092
    1.8801
    0.6855
    2.0171
   -1.2251
   -1.7813
   -1.1413
   -2.5551
    1.8372
    1.5556
    2.6601
    1.8508
   -1.2075
    0.8254
    0.4024
    0.5956
    3.6949
   -1.8396
   -2.2580
    0.3597
   -3.3364
    2.5036
    3.0797
    2.3720
   -4.7396
   -3.4894


rint =

   -3.7263    5.2286
   -5.9952    3.3698
   -1.4955    7.9747
   -1.7949    7.8109
   -1.3850    8.2301
   -4.8054    4.9919
   -4.9008    4.9010
   -9.6623   -0.2116
   -1.7641    7.8884
   -5.7544    3.9693
   -2.1371    7.3747
   -6.7886    2.5012
   -9.2414   -0.5336
   -6.5533    2.9307
   -5.5525    4.2776
   -4.9764    5.0015
   -6.6649    3.3222
   -6.8781    3.1000
   -8.3570    1.4958
   -5.6295    4.3773
   -3.9986    6.0078
   -7.4815    2.4644
   -3.5553    6.4441
    1.2636   10.7234
   -3.5838    6.2014
   -6.2168    3.3637
   -5.4122    4.1759
   -4.2044    5.6513
   -3.9100    6.0524
   -7.4063    2.5164
   -5.0712    4.9213
   -7.5768    2.2992
   -5.8245    4.1314
   -8.4487    1.3525
   -5.1428    4.8557
   -0.9592    8.8335
    0.6459   10.2020
   -3.7629    6.0568
   -6.2263    3.4065
   -5.8661    3.6477
   -3.0129    6.7731
   -4.3001    5.6712
   -2.9676    7.0018
   -6.2285    3.7782
   -6.7676    3.2050
   -6.1384    3.8558
   -7.5201    2.4098
   -3.1560    6.8303
   -3.4419    6.5530
   -2.2760    7.5962
   -3.0297    6.7313
   -6.0020    3.5869
   -3.6512    5.3019
   -4.2916    5.0964
   -4.2129    5.4041
   -1.0748    8.4646
   -6.7067    3.0274
   -7.1207    2.6046
   -4.5402    5.2597
   -8.1576    1.4847
   -2.3449    7.3520
   -1.7200    7.8795
   -2.3928    7.1368
   -9.2496   -0.2295
   -7.9353    0.9564


stats =

    0.8591   71.9339    0.0000    6.4650

>> 