b =

  380.1905
    0.0094
    0.0313
    0.0003
   -0.6816
   -0.0005


bint =

  296.5150  463.8660
   -0.0070    0.0258
   -1.1591    1.2217
    0.0003    0.0004
   -0.8275   -0.5358
   -0.0013    0.0004


r =

   -1.7503
    1.4326
    1.5501
    4.3122
   -0.6910
   -1.7395
   -3.6935
   -3.2427
   -0.3174
   -0.8673
    5.6573
    1.5566
   -0.4802
   -5.7241
   -0.4808
    2.5371
    4.3396
    1.0468
   -2.2814
   -3.2649
   -3.4938
    2.3020
   -1.3576
    1.9574
   -4.4229
   -0.1727
   -0.1485
    2.2152
    3.3235
    5.6264
    0.9440
   -1.6038
   -2.3869
   -2.4154
    3.2508
    1.2016
    4.7570
    0.1871
    1.7342
    0.7066
   -1.9293
   -1.5006
   -0.0873
   -0.9293
   -0.3467
   -1.9195
   -2.9176
   -0.1410
    1.8902
    0.9260
   -7.6035
    0.6205
   -3.3188
   -0.8844
    2.6447
    3.9384
    1.9668
   -3.3602
   -2.0226
    1.2597
    0.6767
    1.5283
    1.3545
    1.1154
   -1.0637


rint =

   -6.6076    3.1070
   -3.6649    6.5300
   -3.6715    6.7716
   -0.8641    9.4886
   -6.0124    4.6304
   -7.0528    3.5737
   -8.9396    1.5527
   -8.5088    2.0233
   -5.6432    5.0085
   -6.1613    4.4266
    0.6418   10.6728
   -3.5205    6.6337
   -5.4203    4.4600
  -10.6894   -0.7588
   -5.8331    4.8714
   -2.8529    7.9271
   -0.9970    9.6762
   -4.4043    6.4979
   -7.7004    3.1376
   -8.6467    2.1169
   -8.8701    1.8826
   -3.1255    7.7294
   -6.8045    4.0892
   -3.4453    7.3602
   -9.6341    0.7884
   -5.4033    5.0579
   -5.3703    5.0734
   -3.1217    7.5521
   -2.0371    8.6841
    0.3849   10.8679
   -4.4895    6.3775
   -7.0158    3.8082
   -7.7750    3.0012
   -7.8088    2.9781
   -2.1242    8.6258
   -4.2373    6.6405
   -0.5251   10.0391
   -5.1678    5.5420
   -3.5048    6.9732
   -4.4782    5.8915
   -7.2590    3.4004
   -6.9174    3.9161
   -5.5443    5.3697
   -6.3819    4.5233
   -5.7980    5.1046
   -7.3458    3.5069
   -8.3176    2.4825
   -5.6019    5.3199
   -3.5457    7.3260
   -4.4957    6.3478
  -12.5547   -2.6523
   -4.6077    5.8487
   -8.1192    1.4816
   -5.9904    4.2217
   -2.5464    7.8358
   -1.2584    9.1353
   -3.3325    7.2661
   -8.6195    1.8991
   -7.3312    3.2861
   -4.0645    6.5840
   -4.6469    6.0002
   -3.7554    6.8119
   -3.8647    6.5737
   -3.9698    6.2005
   -5.9976    3.8702


stats =

    0.7730   40.1802    0.0000    7.6618

>> 