
b =

  371.5322
    0.0106
   -0.2496
    0.0003
   -0.6619
    0.0015
   -0.5981
   -0.0003
    0.0015
    0.0004


bint =

  327.5192  415.5452
    0.0020    0.0192
   -0.8752    0.3760
    0.0003    0.0003
   -0.7383   -0.5855
   -0.0041    0.0071
   -0.9840   -0.2123
   -0.0007    0.0002
   -0.0029    0.0060
    0.0002    0.0007


r =

   -1.5871
    1.4786
    1.4968
    4.1775
   -0.8894
   -1.9839
   -3.9659
   -3.5254
   -0.5925
   -1.1171
    5.4507
    1.4110
   -0.5753
   -5.2526
   -0.1557
    2.7336
    4.4253
    1.0395
   -2.3638
   -3.4047
   -3.6731
    2.1009
   -1.5626
    1.7663
   -4.5823
   -0.3011
    0.5729
    2.7609
    3.7113
    5.8742
    1.0695
   -1.5827
   -2.4525
   -2.5498
    3.0653
    0.9829
    4.5230
   -0.0445
    1.5141
    1.6195
   -1.2214
   -0.9799
    0.2641
   -0.7295
   -0.2806
   -1.9693
   -3.0655
   -0.3692
    1.5995
    0.5907
   -7.9657
    0.2503
   -2.2729
   -0.0727
    3.2399
    4.3350
    2.1825
   -3.3075
   -2.1150
    1.0399
    0.3473
    1.1071
    0.8594
    0.5641
   -1.6424
   -4.4978
    0.3865
    0.6033
   -0.8674
    2.0443
   -0.9015
   -1.2149
    0.9542
   -1.4143
   -1.0603
    3.0761
    0.6150
   -2.4321
   -0.9769
    0.4686
    2.0765
   -0.0132
   -2.1003
   -4.8250
   -0.1473
   -0.9471
    4.8555
    1.1806
    6.2482
    2.9682
   -0.6215
   -3.2349
    0.2916
    0.9207
    1.9221
   -1.7539
   -3.2175
   -1.2787
    0.0226
    0.7664
    2.6526
    4.5713
   -0.0476
   -0.6899
   -2.4220
    1.5857
    1.4159
    1.5485
   -1.8565
   -3.5490
   -0.5790
    0.9934
    1.2883
    1.8956
    2.1854
   -1.6624
   -0.3273
   -1.7280
   -0.9292
    3.9121
    2.3858
   -0.9280
   -3.0194
   -2.7683
    2.4552
    0.3712
    0.2396
    1.2605
   -3.3961
   -2.7536
    2.6793
    0.2926
    4.5383
    4.0164
    4.1570
    0.5701
    0.2356
   -4.9264
    2.8640
   -1.2831
    2.0523
   -2.8699
   -5.7111
   -1.0628
   -0.1085
    0.3383
   -1.5324
   -1.9207
   -3.6165
   -0.9499
    0.5592
   -3.0592
    0.8048
    5.2812
    0.5402
   -2.2236
   -0.6640
    0.5615
    0.8094
   -2.7902
   -0.4873
   -3.1021
   -1.3443
   -4.0641
   -0.6614
    3.4337
    4.9513
    0.7213
   -1.7951
   -1.5641
    1.4125
    0.2216
    1.5730
   -1.6330
   -2.1366
   -1.4277
   -2.7564
    1.7374
    1.5736
    2.8123
    2.1534
   -0.7955
    0.3468
    0.0145
    0.3147
    3.5373
   -1.8576
   -2.1201
    0.6699
   -2.8377
    3.2072
    4.0046
    3.5344
   -3.3234
   -1.8950


rint =

   -6.3187    3.1446
   -3.3301    6.2874
   -3.3568    6.3505
   -0.6677    9.0227
   -5.7831    4.0042
   -6.8760    2.9082
   -8.8340    0.9022
   -8.3995    1.3487
   -5.4875    4.3025
   -5.9973    3.7630
    0.6594   10.2419
   -3.3926    6.2146
   -5.3326    4.1820
  -10.0369   -0.4683
   -5.0594    4.7479
   -2.1854    7.6525
   -0.4819    9.3325
   -3.9124    5.9914
   -7.3071    2.5794
   -8.3353    1.5259
   -8.6000    1.2537
   -2.8446    7.0464
   -6.5068    3.3816
   -3.1604    6.6931
   -9.4357    0.2711
   -5.1613    4.5591
   -4.2876    5.4335
   -2.1372    7.6590
   -1.2006    8.6233
    0.9960   10.7524
   -3.8831    6.0221
   -6.5320    3.3665
   -7.3940    2.4890
   -7.4911    2.3915
   -1.8704    8.0010
   -3.9677    5.9336
   -0.3732    9.4192
   -4.9546    4.8656
   -3.3560    6.3842
   -3.2197    6.4587
   -6.1219    3.6790
   -5.9129    3.9530
   -4.6850    5.2132
   -5.6826    4.2236
   -5.2356    4.6744
   -6.9164    2.9778
   -8.0011    1.8702
   -5.3238    4.5854
   -3.3444    6.5434
   -4.3420    5.5234
  -12.7257   -3.2057
   -4.6099    5.1106
   -6.9987    2.4528
   -4.8863    4.7408
   -1.5958    8.0755
   -0.5073    9.1773
   -2.7025    7.0676
   -8.1844    1.5695
   -7.0075    2.7775
   -3.8587    5.9386
   -4.5482    5.2428
   -3.7731    5.9873
   -3.9954    5.7142
   -4.2431    5.3714
   -6.3945    3.1096
   -9.2427    0.2471
   -4.4694    5.2425
   -4.2896    5.4962
   -5.7783    4.0435
   -2.8673    6.9559
   -5.8233    4.0202
   -6.1361    3.7062
   -3.9679    5.8762
   -6.3312    3.5026
   -5.9703    3.8497
   -1.7952    7.9475
   -4.2354    5.4654
   -7.2267    2.3625
   -5.8544    3.9007
   -4.4601    5.3973
   -2.8675    7.0204
   -4.9750    4.9487
   -7.0537    2.8531
   -9.7366    0.0865
   -5.1081    4.8135
   -5.9073    4.0130
   -0.0576    9.7687
   -3.7786    6.1399
    1.3803   11.1160
   -1.9377    7.8741
   -5.5130    4.2699
   -8.1025    1.6326
   -4.6426    5.2259
   -4.0317    5.8730
   -3.0295    6.8738
   -6.7055    3.1976
   -8.1507    1.7157
   -6.2295    3.6722
   -4.9334    4.9786
   -4.1915    5.7242
   -2.2924    7.5976
   -0.3371    9.4796
   -4.9780    4.8828
   -5.5903    4.2104
   -7.2888    2.4449
   -3.3380    6.5095
   -3.5330    6.3647
   -3.4083    6.5052
   -6.8119    3.0989
   -8.4835    1.3855
   -5.5392    4.3811
   -3.9665    5.9533
   -3.6719    6.2484
   -3.0589    6.8501
   -2.7564    7.1271
   -6.5813    3.2565
   -5.2194    4.5648
   -6.5112    3.0552
   -5.7836    3.9253
   -0.9484    8.7726
   -2.5144    7.2860
   -5.8468    3.9907
   -7.9233    1.8845
   -7.6762    2.1395
   -2.4558    7.3662
   -4.5497    5.2921
   -4.6727    5.1519
   -3.6279    6.1489
   -8.2221    1.4299
   -7.5445    2.0373
   -1.9850    7.3437
   -4.4747    5.0599
   -0.2371    9.3136
   -0.7999    8.8328
   -0.6735    8.9875
   -4.3053    5.4455
   -4.6427    5.1140
   -9.7498   -0.1030
   -1.9866    7.7146
   -6.1305    3.5644
   -2.7567    6.8613
   -7.6130    1.8731
  -10.3418   -1.0805
   -5.8680    3.7423
   -4.9848    4.7678
   -4.5770    5.2536
   -6.4632    3.3984
   -6.8578    3.0164
   -8.5370    1.3040
   -5.8975    3.9978
   -4.3891    5.5075
   -7.9847    1.8663
   -4.1295    5.7391
    0.4280   10.1345
   -4.3303    5.4107
   -7.0389    2.5916
   -5.4931    4.1651
   -4.3310    5.4540
   -4.1171    5.7360
   -7.7184    2.1380
   -5.4385    4.4638
   -8.0352    1.8311
   -6.2948    3.6062
   -8.9830    0.8548
   -5.6128    4.2899
   -1.4859    8.3533
    0.0779    9.8246
   -4.1658    5.6084
   -6.6349    3.0447
   -6.3663    3.2381
   -3.4595    6.2845
   -4.6939    5.1370
   -3.3575    6.5036
   -6.5723    3.3063
   -7.0753    2.8022
   -6.3729    3.5175
   -7.6891    2.1763
   -3.2017    6.6764
   -3.3568    6.5040
   -2.0843    7.7089
   -2.7076    7.0145
   -5.6203    4.0292
   -4.3335    5.0272
   -4.7529    4.7820
   -4.5059    5.1353
   -1.2870    8.3616
   -6.7183    3.0031
   -6.9864    2.7462
   -4.2076    5.5474
   -7.6966    2.0212
   -1.6388    8.0532
   -0.8114    8.8205
   -1.2564    8.3251
   -8.0602    1.4134
   -6.5914    2.8015


stats =

    0.8279   98.8881    0.0000    6.4624